0.316090 4.21
0.329908 4.200955
0.343726 4.183202
0.357544 4.172340
0.371361 4.163492
0.385179 4.154452
0.398997 4.143359
0.412815 4.128602
0.426632 4.110457
0.440450 4.090422
0.454268 4.070160
0.468086 4.050418
0.481904 4.032138
0.495721 4.015313
0.509539 3.999535
0.523357 3.984539
0.537175 3.969428
0.550992 3.954064
0.564810 3.937908
0.578628 3.921153
0.592446 3.904027
0.606263 3.886358
0.620081 3.868532
0.633899 3.850957
0.647717 3.833992
0.661534 3.818025
0.675352 3.803319
0.689170 3.790129
0.702988 3.778023
0.716806 3.767021
0.730623 3.756805
0.744441 3.746998
0.758259 3.737572
0.772077 3.728211
0.785894 3.718888
0.799712 3.709361
0.813530 3.699543
0.827348 3.689331
0.841165 3.678435
0.854983 3.666605
0.868801 3.653930
0.882619 3.639936
0.896437 3.624444
0.910254 3.607199
0.924072 3.587520
0.937890 3.564028
0.951708 3.534310
0.965525 3.491348
0.979343 3.399829
0.993161 3.097842
