0.000000 0.903891
0.018726 0.765983
0.037452 0.674924
0.056177 0.608936
0.074903 0.559385
0.093629 0.521921
0.112355 0.490431
0.131080 0.458349
0.149806 0.423026
0.168532 0.386462
0.187258 0.352856
0.205984 0.323824
0.224709 0.298153
0.243435 0.275438
0.262161 0.250045
0.280887 0.237900
0.299612 0.234275
0.318338 0.231025
0.337064 0.217969
0.355790 0.201344
0.374516 0.186581
0.393241 0.176519
0.411967 0.169029
0.430693 0.163826
0.449419 0.160826
0.468144 0.158918
0.486870 0.157391
0.505596 0.156056
0.524322 0.155293
0.543048 0.154530
0.561773 0.153576
0.580499 0.152717
0.599225 0.151382
0.617951 0.148997
0.636676 0.144037
0.655402 0.136597
0.674128 0.130587
0.692854 0.126581
0.711580 0.123657
0.730305 0.121621
0.749031 0.119808
0.767757 0.118568
0.786483 0.117424
0.805208 0.116374
0.823934 0.115611
0.842660 0.114848
0.861386 0.114085
0.880112 0.113453
0.898837 0.113340
0.917563 0.113300
